1628
2 5357 5121
2 8148 6404
2 421 2589
2 5913 5583
2 6255 9906
2 8785 3629
2 6584 7710
2 1737 3987
2 7529 5231
2 2094 4386
2 5796 9487
2 6735 8197
2 1756 2584
2 8754 998
2 2395 6655
2 2861 6312
2 59 7923
2 7569 7704
2 5515 9612
2 6632 7444
2 8873 7262
2 8452 2489
2 7796 5905
2 398 8407
2 820 1729
2 604 6459
2 9004 1248
2 7549 7064
2 4848 5886
2 8603 8733
2 8189 8437
2 9354 9529
2 6839 9213
2 1524 4449
2 4318 4574
2 5744 9483
2 4100 6823
2 3904 4233
2 3626 7108
2 8479 5416
2 9620 1287
2 2545 6476
2 9383 4004
2 3697 1396
2 9131 5427
2 4041 370
2 973 2061
2 847 3015
2 2155 4644
2 4863 9247
2 7792 6668
2 3135 4631
2 2222 1492
2 9618 2752
2 5363 7168
2 2687 2843
2 5570 44
2 453 2117
2 8284 1561
2 7100 461
2 3505 8775
2 9765 1423
2 3295 4036
2 2932 8287
2 1385 6640
2 8004 8854
2 3273 5616
2 8591 3715
2 2345 2096
2 5918 6639
2 9813 674
2 3420 1556
2 5090 7936
2 666 2331
2 2935 4695
2 5251 2598
2 3825 6762
2 1677 9959
2 1081 1114
2 4147 6756
2 5001 5592
2 8384 8689
2 8119 1388
2 6196 7525
2 9818 864
2 5989 683
2 948 4106
2 6613 3942
2 5526 9888
2 8911 8320
2 4194 4473
2 5083 5211
2 9128 3149
2 5052 7369
2 8585 936
2 2459 2819
2 7515 8777
2 132 2968
2 4670 7819
2 2246 3484
2 7577 962
2 876 7863
2 8240 8814
2 2723 7939
2 7368 752
2 8837 9256
2 3457 8991
2 110 8392
2 3176 7208
2 7290 7950
2 371 2196
2 2728 7101
2 684 8636
2 281 2212
2 4808 8641
2 9267 5791
2 63 2499
2 6240 5602
2 9614 714
2 2475 3656
2 4090 7259
2 1101 2064
2 9019 4916
2 5651 9894
2 1013 3678
2 7834 839
2 1491 2548
2 3024 3765
2 5048 7945
2 6170 7198
2 4405 4961
2 1004 1071
2 1115 5945
2 9965 4685
2 7937 1233
2 2124 3302
2 4579 3272
2 3795 8152
2 9986 5042
2 384 2141
2 3647 6677
2 7104 9295
2 1734 2008
2 2070 7927
2 4702 5101
2 6782 7135
2 854 5773
2 6495 1707
2 2115 4430
2 8058 336
2 1164 1214
2 2080 4957
2 5046 7201
2 7540 443
2 2558 2922
2 4788 4917
2 5214 7409
2 8639 1341
2 7896 8063
2 3499 5653
2 7825 49
2 976 6702
2 7202 7961
2 1146 1830
2 4886 4964
2 6381 9307
2 3463 4509
2 6176 7313
2 9568 818
2 82 4983
2 3792 5295
2 6107 8612
2 3047 5772
2 7595 7757
2 3607 3940
2 4135 4874
2 5982 2727
2 3096 2228
2 2274 5713
2 8338 9305
2 2964 3896
2 6252 636
2 1353 3228
2 3566 1210
2 3309 4322
2 7136 8485
2 8608 887
2 5310 7305
2 1851 3293
2 4240 6168
2 7543 71
2 4406 4925
2 6550 7516
2 8322 9433
2 1988 1203
2 6935 8745
2 9129 7551
2 9866 1671
2 4940 1955
2 5625 7145
2 9795 7
2 1812 4185
2 9527 8116
2 3437 4141
2 5383 47
2 4131 5219
2 7579 594
2 1322 1450
2 2456 3114
2 7326 8465
2 8851 9552
2 4167 2259
2 4235 4637
2 7359 9
2 3042 3142
2 766 1094
2 1713 7231
2 1742 4655
2 5006 5652
2 1934 3686
2 7583 9539
2 9690 532
2 2686 5873
2 2962 4074
2 4561 5494
2 7715 9525
2 3844 4657
2 8803 9263
2 727 2481
2 3072 8553
2 723 1050
2 1895 4847
2 7083 4112
2 4475 6129
2 6957 2759
2 3357 4102
2 7447 8250
2 8387 9235
2 9532 9917
2 62 2982
2 4374 7088
2 2293 2736
2 7196 8736
2 1946 3519
2 8332 954
2 3196 213
2 7032 7308
2 7648 8375
2 859 4320
2 8010 9196
2 9946 1591
2 2045 5163
2 6547 9063
2 1418 1724
2 2726 4076
2 5777 6882
2 2060 2342
2 3337 4619
2 5904 6611
2 7725 8193
2 8767 850
2 1568 2652
2 3689 6178
2 9106 992
2 2340 4402
2 5172 9119
2 2544 3155
2 8644 1433
2 4490 4638
2 4912 4995
2 9966 1621
2 2642 3170
2 3672 6558
2 9747 586
2 2085 2749
2 3648 3775
2 120 201
2 3757 5729
2 8626 9344
2 9576 3542
2 3781 5686
2 6038 6534
2 6913 7451
2 7494 7851
2 8601 2828
2 3257 4139
2 7643 6571
2 8478 774
2 4550 5931
2 6567 7148
2 8138 8397
2 2628 3889
2 5156 7464
2 7545 7814
2 403 1763
2 2323 3593
2 8186 9542
2 328 676
2 2862 2870
2 4150 4244
2 6134 9302
2 2795 3112
2 3376 3475
2 4058 6537
2 7862 18
2 2300 2308
2 8997 9151
2 9275 9713
2 58 4959
2 6467 6927
2 7079 8187
2 8865 9559
2 1383 2036
2 2213 2814
2 4390 5081
2 4044 5366
2 7316 8233
2 8242 8267
2 9900 3451
2 3708 3840
2 3869 8115
2 4480 8259
2 1711 5609
2 6147 6171
2 7166 7445
2 7703 8506
2 9528 446
2 778 2123
2 3842 5845
2 7673 8616
2 8849 1160
2 2305 8079
2 9243 9320
2 9873 11
2 1049 1839
2 1936 2160
2 2267 3526
2 3583 5540
2 8094 245
2 654 1136
2 2243 2313
2 3126 4837
2 5096 8101
2 8430 333
2 1552 2023
2 6050 6123
2 6359 8167
2 9605 1509
2 3913 5359
2 7267 7944
2 9514 2985
2 3950 4284
2 5136 5324
2 7726 8509
2 9921 687
2 2944 4551
2 5854 7385
2 7953 8036
2 8286 9374
2 373 2282
2 2920 4902
2 6300 6580
2 6777 7008
2 706 1767
2 2535 3106
2 3745 4498
2 5209 6842
2 7522 8367
2 9784 1231
2 1845 3618
2 3632 3899
2 6481 7466
2 9289 65
2 1427 2674
2 2817 3253
2 7922 9340
2 2203 5665
2 6060 8348
2 9856 177
2 2718 4690
2 5600 6985
2 6989 7026
2 8701 9283
2 9722 463
2 7700 9732
2 9942 593
2 2994 3002
2 5622 7756
2 8026 1359
2 3083 4151
2 4965 5919
2 7920 8346
2 8563 9111
2 780 1096
2 1996 2572
2 2941 4516
2 6582 6638
2 7050 8047
2 8697 8721
2 9691 1357
2 1817 3229
2 6313 7212
2 8834 9649
2 2619 6329
2 8253 9252
2 745 1085
2 2364 9778
2 522 1336
2 1372 2571
2 3485 4137
2 4951 5962
2 7209 9366
2 103 717
2 2009 2802
2 3356 4582
2 6316 6363
2 8839 9443
2 9779 251
2 565 709
2 1861 2112
2 4351 4352
2 6477 6602
2 8477 9751
2 67 2647
2 3368 6426
2 2351 5891
2 5909 8811
2 2905 3443
2 6994 7119
2 8199 9123
2 9154 9365
2 6 257
2 645 1340
2 3089 4259
2 5793 7629
2 9124 171
2 214 1976
2 2536 5492
2 7671 7981
2 8614 8751
2 332 1202
2 1510 1787
2 2095 3379
2 4884 6415
2 7330 9325
2 9585 1344
2 1701 2162
2 3496 4134
2 4293 4357
2 4477 7489
2 7911 8947
2 9546 9629
2 9806 60
2 3062 3214
2 3308 5239
2 5593 188
2 1001 1820
2 2957 4557
2 4867 5544
2 6666 8163
2 8200 8501
2 8923 9363
2 9968 750
2 877 1717
2 5149 5330
2 6914 8529
2 8835 9511
2 9930 9974
2 1740 1975
2 4222 5236
2 5244 5518
2 5733 6956
2 7934 8003
2 8779 1505
2 4711 5332
2 5991 6297
2 6342 7057
2 7391 321
2 1351 1564
2 1800 2776
2 4727 4977
2 7613 8651
2 8658 9545
2 296 924
2 1364 1883
2 2575 3730
2 7677 9166
2 3750 4331
2 4696 6188
2 7415 7439
2 8040 8431
2 1249 1965
2 2245 3120
2 4572 5529
2 5758 5970
2 7153 7344
2 9962 791
2 1522 1747
2 7210 7647
2 8915 8990
2 9419 9426
2 2509 3579
2 4161 4415
2 4717 5028
3 5131 5808 7699
3 8168 8449 9550
3 1743 3473 5488
3 5683 5835 6738
3 7972 8056 8579
3 96 767 1061
3 1714 2043 2265
3 2573 3655 5074
3 5728 6042 6616
3 7824 8418 9271
3 9341 9397 55
3 301 902 1673
3 3087 6273 6419
3 6627 7250 8866
3 9569 264 631
3 1200 1523 2952
3 3830 3845 5720
3 6144 8470 8548
3 8607 197 385
3 773 797 1178
3 1636 1889 3223
3 3834 4870 6742
3 7524 8625 9566
3 9626 9853 1508
3 2089 2809 3167
3 3306 5155 5553
3 6226 6309 6410
3 8487 8702 9572
3 9797 407 2055
3 3137 3978 4367
3 4960 6336 6377
3 8132 8659 9048
3 1476 1810 3905
3 4600 5375 5864
3 6192 7155 7436
3 7567 7748 8183
3 9250 730 1948
3 2612 3557 3673
3 4649 5610 278
3 1228 1998 2486
3 3271 3791 3870
3 4079 4524 6384
3 8671 9718 875
3 4043 4200 4861
3 6058 6769 9689
3 9952 283 2353
3 3001 5308 6028
3 6198 6747 8707
3 8940 9265 9746
3 9843 3 1429
3 1912 3857 3944
3 5476 7253 9871
3 85 1483 2912
3 5170 6010 6662
3 7302 8172 9078
3 432 1140 2000
3 3367 3997 7412
3 7443 8204 8297
3 8677 9507 263
3 836 884 915
3 1040 1587 1853
3 3278 4179 4527
3 4532 4706 6578
3 7118 7880 8453
3 9755 1720 2927
3 3028 4469 4607
3 5203 5207 6012
3 6146 6483 6981
3 7095 7103 8442
3 8683 513 995
3 3022 3728 3885
3 5803 5849 6110
3 6320 7696 7978
3 8670 9695 464
3 634 1224 1378
3 1821 2585 3508
3 6757 7319 7617
3 7618 8964 1037
3 1253 2877 3518
3 4474 4565 4617
3 4883 6370 7296
3 7603 8722 8929
3 1073 1681 1708
3 3037 3561 3736
3 3877 4307 5174
3 5197 6444 6498
3 7861 8750 8932
3 9908 1117 1526
3 1542 1684 1923
3 2939 3248 3362
3 3375 4786 4871
3 5785 7759 8692
3 8895 9359 9464
3 137 559 1116
3 1152 1154 1484
3 2627 2937 4038
3 4439 5902 7536
3 8524 9599 520
3 1571 2488 3892
3 4361 7870 8328
3 3511 4292 4521
3 5278 5462 6296
3 6367 8874 8956
3 9880 2592 2798
3 3853 4975 5823
3 7678 7823 8466
3 8637 9197 916
3 1261 1833 3055
3 3107 3544 5341
3 5547 5839 6231
3 6656 7041 7178
3 9769 9849 17
3 56 172 174
3 970 1361 1712
3 2566 2600 4668
3 4946 5705 5941
3 6220 6577 6605
3 6965 7463 8527
3 9425 9907 9961
3 1726 2185 5378
3 5441 5998 6938
3 7255 9984 529
3 760 846 2368
3 5503 5548 6389
3 7130 7215 7238
3 10 145 3050
3 3769 4604 5250
3 6715 7363 8516
3 9014 9350 297
3 451 688 738
3 844 1234 1430
3 1570 1765 2106
3 3516 3746 3969
3 4663 4731 5151
3 5446 5563 6856
3 7740 8363 8931
3 9092 208 525
3 923 1122 1601
3 2716 3134 5271
3 5649 6583 6752
3 8714 9168 556
3 912 1197 1487
3 1827 2165 2766
3 5118 5325 5579
3 6205 6266 6364
3 6526 6540 7218
3 7624 7778 9597
3 9741 9895 139
3 164 926 1963
3 2407 3104 3540
3 4093 6133 7149
3 8239 9121 9161
3 117 2007 2221
3 2295 2649 3258
3 4491 4990 6396
3 7518 7558 8081
3 8673 8833 9182
3 9214 9450 1589
3 1648 2484 4230
3 5007 5013 5017
3 5948 8059 8161
3 211 2804 3674
3 4627 5574 5627
3 5899 6052 6451
3 7499 7839 8044
3 8650 8824 9246
3 9390 9594 480
3 628 2309 2879
3 3691 4126 5056
3 5875 6149 7152
3 7346 7692 8198
3 8293 87 642
3 1010 2127 2555
3 2848 6680 7204
3 7983 8617 9135
3 1015 1825 2590
3 2836 3029 3276
3 3932 6102 6623
3 6721 7318 8247
3 9490 9719 656
3 2125 2811 3608
3 3828 5879 6157
3 6215 6645 7151
3 7278 7752 8305
3 8609 8653 9588
3 178 289 597
3 900 1735 1847
3 1866 1876 2872
3 3973 4555 6036
3 6731 7954 8606
3 9414 9471 9580
3 9776 28 206
3 1620 1943 2516
3 3239 3480 3677
3 3692 4650 4859
3 5487 5513 6193
3 6256 9286 931
3 1159 1464 1856
3 2538 4671 5824
3 7375 8652 9852
3 590 1056 1311
3 1393 2226 4170
3 5815 6350 6685
3 6703 8134 8578
3 9382 9499 1632
3 1819 2697 3527
3 3808 3891 4522
3 4573 6531 9276
3 834 1129 1205
3 2999 3092 3132
3 4496 4792 5058
3 5061 5559 5981
3 6111 6152 7764
3 7888 8258 8434
3 124 151 307
3 1260 1877 1994
3 2732 4054 6206
3 6443 6741 6984
3 8468 8537 53
3 1718 1874 3895
3 4933 5094 6053
3 7105 7475 7875
3 8342 8684 9238
3 9407 9637 142
3 236 290 589
3 1562 1642 1888
3 2190 2705 3573
3 4725 4997 6228
3 7542 7734 8967
3 9241 9799 2091
3 2428 3980 4055
3 4611 4814 4857
3 6306 7413 7512
3 7777 9165 9675
3 9748 1704 1884
3 4442 4661 4865
3 5371 5418 7610
3 7884 9326 9714
3 9730 253 2490
3 3297 4091 4592
3 4636 4692 4774
3 5710 6628 6651
3 6676 6932 7219
3 7361 7993 8032
3 8035 8907 9530
3 9602 9761 9864
3 540 1445 2020
3 2241 2765 4703
3 4875 4989 5644
3 6155 6849 7286
3 7406 7659 9376
3 362 648 735
3 1282 1837 2854
3 3558 3912 3924
3 4066 4363 4381
3 4716 5044 5235
3 5517 5794 6557
3 1440 2254 2565
3 2887 3654 3802
3 3839 3945 4187
3 4506 4926 5035
3 6326 6827 7090
3 7526 7662 7841
3 8123 8176 9523
3 9896 9976 898
3 1023 1595 2400
3 2461 3531 3553
3 4656 4771 4904
3 5020 5671 6365
3 6733 7003 7074
3 7594 8423 9016
3 534 1598 2806
3 3498 3567 4064
3 4089 4410 5916
3 6366 6380 6794
3 6976 7382 7733
3 8241 9650 9922
3 358 1339 1406
3 1467 2006 2081
3 2457 3422 4559
3 4773 5389 5474
3 5530 6289 6673
3 7037 8333 1332
3 1533 1723 2320
3 4412 5205 5355
3 6436 7356 7374
3 7432 7683 8597
3 9220 9368 9453
3 147 210 404
3 960 1471 2375
3 2783 3760 3906
3 4879 5336 5898
3 6076 6800 6988
3 7914 8432 8861
3 9456 9848 9988
3 33 489 622
3 689 1422 1584
3 2907 4495 6361
3 6857 8019 146
3 909 1609 3323
3 3718 4375 4478
3 4720 5178 5457
3 5489 6490 6514
3 6778 7821 8376
3 8715 8889 8938
3 9468 9879 2381
3 2389 2462 3145
3 3704 4011 4639
3 4766 5086 5551
3 5633 6528 7419
3 7426 7534 7768
3 7785 7818 7943
3 8153 8648 9043
3 737 1021 2398
3 2401 2874 3244
3 3582 3617 4452
3 5856 5869 6784
3 7230 7249 7310
3 7530 8043 8150
3 8894 8898 9192
3 9361 9561 9684
3 9726 396 1529
3 2260 3595 3882
3 3914 6016 6340
3 7175 7592 8823
3 8845 9072 9703
3 150 1512 1922
3 1930 2129 3153
3 3299 3352 3559
3 3983 4026 4057
3 4953 5467 5776
3 5901 6208 6585
3 6870 7917 8299
3 8954 9631 39
3 198 635 835
3 1952 3371 3966
3 5085 5255 5380
3 5461 5865 5920
3 6202 7013 7990
3 8325 8425 8679
3 9122 9143 9222
3 9971 1090 1886
3 2191 3749 3985
3 4202 4467 4823
3 4907 5522 5832
3 6466 6834 7116
3 7454 7770 8712
3 8746 9429 32
3 359 512 804
3 947 3075 3188
3 3339 5531 5556
3 5724 6649 7010
3 7596 7956 7966
3 8238 8682 9062
3 9221 9549 9667
3 9802 711 1507
3 1822 2134 3129
3 3136 3564 4124
3 4704 5615 6724
3 7480 7689 9091
3 9183 9606 9734
3 9828 45 149
3 678 1347 1761
3 2277 2924 3011
3 3428 3811 4016
3 4640 4887 5896
3 5908 6184 6421
3 6700 7220 7221
3 7809 8519 9868
3 170 300 1100
3 1256 2148 2167
3 2343 2707 3322
3 4208 5756 6243
3 6574 6705 6873
3 7186 7731 7876
3 7970 8276 9173
3 0 313 849
3 1382 2024 3641
3 3694 3991 4465
3 4514 5047 5451
3 5566 5584 6160
3 6264 6446 6811
3 7964 8196 8263
3 8632 9096 471
3 611 2198 2278
3 2467 3020 3121
3 3724 5164 5939
3 6203 6248 6637
3 8264 8562 9459
3 9573 1047 1908
3 2495 2672 4335
3 4708 4949 5166
3 5277 5954 6553
3 6659 6681 6903
3 7984 8027 8517
3 8752 8908 9752
3 9978 1044 1157
3 1174 1199 2983
3 4659 5657 6015
3 6522 6596 6726
3 6942 7386 7424
3 7975 8133 9299
3 9583 9891 9987
3 9996 1179 1181
3 1569 2367 2875
3 3681 3818 4215
3 4340 4992 5040
3 5240 5860 5947
3 6648 7425 8711
3 8801 9068 9210
3 9328 433 541
3 708 1106 1411
3 1593 2337 3127
3 3203 3226 3412
3 4511 5362 5449
3 5721 6017 6112
3 7384 7727 9038
3 9633 562 2062
3 3517 4790 5173
3 5763 5836 6022
3 6719 7509 7521
3 8143 8222 9836
3 514 825 1381
3 1616 1668 1840
3 2506 2702 3031
3 3563 3894 4286
3 4419 4456 5536
3 5813 6246 6478
3 7500 8160 8210
3 9721 204 355
3 2025 2296 2601
3 4052 4206 5157
3 5496 6351 7555
3 8202 8413 8667
3 8696 8828 8863
3 8864 9486 608
3 889 968 1400
3 1751 1768 2120
3 3105 4359 4958
3 5730 6492 6713
3 7877 8139 8336
3 8810 70 465
3 1012 1409 1535
3 2159 2329 2437
3 2954 3330 3596
3 4092 4188 4742
3 5198 5872 6051
3 6275 6280 6864
3 7751 8006 8031
3 8876 8977 9920
3 9935 9995 234
3 240 530 919
3 955 1321 1843
3 2033 2578 3004
3 3235 3657 3809
3 3972 4228 4801
3 4858 4943 5368
3 6263 6960 7633
3 8919 9198 9269
3 9418 131 270
3 430 431 456
3 1062 1640 2746
3 3311 3926 4000
3 5082 5606 5751
3 6576 7397 7614
3 7729 7924 8089
3 8215 8454 9028
3 9187 9519 9600
3 9716 9768 97
3 372 500 620
3 978 1330 1750
3 1939 2193 2604
3 2661 2762 2786
3 2949 3939 4046
3 5208 6008 6097
3 6698 6964 7995
3 8137 9201 9332
3 9446 9699 9767
3 136 439 673
3 1036 1259 1744
3 1980 2072 2632
3 2977 3956 4301
3 4534 4796 5191
3 5986 6003 6161
3 6761 6890 7170
3 7663 8401 8447
3 9086 9431 9538
3 9584 9656 885
3 1475 1519 1796
3 2102 2514 2694
3 2713 2772 3212
3 3590 4221 4798
3 4942 5245 5482
3 6565 6824 6835
3 6844 7407 7457
3 7991 8180 8822
3 9398 9944 24
3 183 956 1318
3 1649 1961 2074
3 2399 2595 3280
3 3370 4104 6137
3 6352 8252 8326
3 8383 8435 8568
3 9413 37 86
3 1279 1694 2207
3 3060 3344 3793
3 4238 4387 4502
3 4635 4777 5666
3 5732 5752 6121
3 6197 6450 6463
3 6809 6887 7674
3 7800 7881 7895
3 8037 8859 9075
3 9083 9855 457
3 1546 1983 2297
3 2881 2891 2953
3 3822 4783 4839
3 5994 6302 7461
3 7471 7554 7586
3 9036 458 487
3 602 756 1538
3 1755 3364 3543
3 4248 4358 4400
3 4595 5168 5897
3 6959 6963 6972
3 7320 7357 7362
3 7410 7724 7812
3 8314 8815 8900
3 9009 335 2144
3 2149 2210 2596
3 2608 2903 3052
3 3141 3951 4116
3 4399 4434 4596
3 5024 6311 6471
3 6915 7094 7206
3 7387 8093 8353
3 8766 8930 9035
3 9047 9094 9137
3 221 392 462
4 801 1371 1536 2028
4 2610 2741 2785 2956
4 3021 3347 3875 4339
4 4504 6332 6353 6506
4 8486 9114 9215 9564
4 9578 9838 40 1161
4 1678 1688 2837 2859
4 2892 3651 3789 4069
4 4994 5066 5628 6127
4 6448 6818 6925 7078
4 7602 7850 7889 9659
4 31 168 725 802
4 1453 2059 2412 2469
4 3887 4736 4877 4982
4 5181 5233 6148 6175
4 6232 8663 9709 9820
4 502 739 840 842
4 1009 1426 1778 2307
4 2683 2685 4097 4291
4 4688 5106 5125 6229
4 6328 6944 7557 7632
4 7694 7859 7959 8028
4 8438 8543 8737 9394
4 9651 9993 78 152
4 325 343 393 402
4 511 615 639 644
4 1220 1959 2101 2169
4 3012 3318 3841 4488
4 4549 5128 5817 6699
4 6725 7960 8022 8426
4 8576 9015 9223 9540
4 9595 9678 229 613
4 1043 1869 2950 4567
4 4689 4787 5558 5631
4 5719 5959 6473 7395
4 7742 8804 9489 34
4 68 793 848 2388
4 4031 4099 5190 5422
4 5676 5882 6034 7423
4 7803 7971 8256 8643
4 8950 9227 726 953
4 1080 1165 1377 1807
4 1979 2242 2472 3123
4 3555 3679 3743 3903
4 4826 4855 4880 6315
4 6746 6952 7314 7532
4 7631 7697 7994 8097
4 8903 9957 13 20
4 252 305 413 467
4 579 640 1167 1270
4 1892 3515 3698 4723
4 4969 5443 5731 5850
4 5881 6005 6225 6452
4 7132 7430 7581 9887
4 9892 76 153 477
4 860 1502 1590 2002
4 2137 2164 2215 2304
4 2669 3396 3509 4047
4 4298 4811 5212 5951
4 6357 6922 7176 7666
4 8398 8571 8629 9274
4 9475 57 346 740
4 2929 3621 3665 4078
4 4173 4267 4451 4750
4 5863 5950 6046 6095
4 6189 6291 6479 6563
4 6674 7496 7826 9280
4 193 293 395 414
4 649 1369 1549 1586
4 1953 2019 2232 2358
4 2432 2527 2629 2898
4 3233 3246 3581 4155
4 4245 4246 4279 4554
4 4679 4922 5146 5161
4 5829 7036 7713 7906
4 7951 8212 9337 9524
4 83 937 949 1276
4 1416 2799 3146 3449
4 3761 3902 4249 4662
4 5026 5346 6104 6210
4 6544 6740 7024 7252
4 7565 7804 8206 8456
4 8821 8986 9065 9830
4 554 568 868 1084
4 1194 1286 1504 1650
4 2531 2533 2634 2751
4 2824 3161 3261 3482
4 3504 3838 4030 4311
4 4314 4747 5895 6244
4 7194 9157 9234 9313
4 9526 16 23 444
4 1516 1793 2529 2668
4 3263 3431 3748 3773
4 3806 4537 4653 4856
4 5200 5387 5714 6270
4 6630 7197 7236 7653
4 7743 7813 8229 8498
4 8675 9105 9294 9543
4 982 1031 1032 1118
4 1250 1514 1527 1532
4 2047 2303 3174 3332
4 3911 3930 4176 4328
4 4398 4501 4767 5401
4 5672 6258 6294 6664
4 7018 7490 7963 8277
4 8440 8965 9333 9458
4 9488 9496 9635 9692
4 9810 675 1201 1296
4 1452 1891 1986 2442
4 3316 4001 4578 4623
4 4841 4892 4914 5237
4 6245 6612 6828 6920
4 7150 7559 8201 8355
4 8642 8952 9551 9680
4 9958 499 1027 1606
4 1618 2143 2264 2422
4 2671 2712 3125 3513
4 3824 3880 4713 4935
4 5059 5175 5199 5373
4 5834 5980 6430 6494
4 6510 6569 6693 6744
4 6822 6852 6962 8179
4 8289 8654 8727 8729
4 9085 9251 9260 9711
4 225 365 459 858
4 3099 3407 3747 4144
4 4164 4447 4605 4775
4 4898 5043 5641 5769
4 6093 7622 7761 8067
4 8177 8918 9002 9022
4 9149 9858 30 115
4 2328 3147 3570 4095
4 4407 5097 5400 6604
4 7237 7418 7828 7957
4 8235 8593 8808 8897
4 8981 9272 9655 123
4 185 1058 1806 1898
4 1951 2335 2402 3274
4 3547 4562 6118 6130
4 6600 6846 7600 7849
4 8382 8567 9181 9611
4 9624 9985 94 576
4 1110 1132 1669 1865
4 1978 2235 2570 2946
4 3355 4156 4482 4558
4 5098 5471 5831 6002
4 6126 6323 6398 6590
4 6727 6766 6851 7048
4 7190 7721 8108 8472
4 8756 8978 9073 1639
4 2046 2205 2220 2240
4 2466 4197 4325 4546
4 4694 4840 5077 5442
4 6078 6090 6472 6669
4 6899 6993 7085 7127
4 7247 7273 7315 7616
4 7665 7868 7899 8340
4 8388 8393 8753 8806
4 9771 9927 473 896
4 1288 1754 1835 2333
4 2582 2591 3078 3587
4 3615 3883 4489 4804
4 5019 5041 5505 5812
4 5944 6223 6304 6524
4 6711 7329 7634 7693
4 7805 8129 8372 8572
4 8734 9338 9613 9745
4 9859 160 516 899
4 1266 1271 1774 1848
4 2105 2216 2294 2911
4 3506 4564 5323 6774
4 7460 8640 22 101
4 143 419 1137 1192
4 1212 1313 1849 2234
4 2549 2730 3265 3324
4 3664 3878 3884 4172
4 5140 5189 5460 5613
4 5621 5702 5800 6356
4 6560 6671 6697 6739
4 6990 7275 7815 8573
4 9003 9013 9603 9877
4 9948 1086 1653 2136
4 2199 2237 2754 3038
4 3281 3439 3933 4308
4 4312 4746 5276 6803
4 7121 7123 7491 8021
4 8994 8996 9134 417
4 558 753 906 1699
4 2390 2453 2781 2793
4 3097 3402 3578 3849
4 4217 4255 5134 5171
4 5268 5397 6063 6064
4 6581 7686 7931 8773
4 9029 9261 9679 9744
4 381 550 796 1127
4 1170 1461 1480 1488
4 1656 2016 2268 2289
4 2417 2852 3782 3873
4 4136 4196 4394 4599
4 4818 4918 5234 5426
4 5523 5598 5903 6023
4 6035 6414 6595 6636
4 6831 7510 8084 8411
4 8716 9008 9194 9230
4 9844 159 219 472
4 828 1093 1172 1624
4 1783 2406 2444 2621
4 2775 2951 3131 3381
4 3491 3817 3888 4613
4 4630 4678 5246 5253
4 6096 6132 6261 6520
4 7117 7233 7400 7786
4 8049 8166 8316 8464
4 8759 8789 8793 9759
4 9901 133 217 279
4 845 893 1404 1627
4 1665 1814 1867 1985
4 2068 2334 2731 3262
4 3300 3334 3442 3783
4 3965 4094 4910 5736
4 5770 6227 6373 6432
4 6517 6529 6953 7309
4 7684 7788 7903 8539
4 8618 8633 8987 218
4 610 1208 1221 1781
4 1801 1836 2065 2281
4 2554 2711 2750 2987
4 3312 3401 3584 3721
4 3744 4088 4193 4479
4 4487 4932 5313 5391
4 5398 5577 5586 5917
4 5966 5972 6180 7501
4 7925 7969 8165 9502
4 9534 9535 9575 401
4 651 669 990 1184
4 1646 1899 1904 2722
4 3445 3539 3862 3927
4 4894 5064 5104 5132
4 5370 6417 6586 6812
4 7110 7371 7388 7675
4 7898 7980 8665 9200
4 9660 89 545 934
4 1292 1638 1716 2184
4 2326 2376 2464 2947
4 3076 3085 3124 3216
4 3411 3929 3947 4428
4 4529 4538 4544 4981
4 5481 5594 5599 7065
4 7289 7502 7672 7695
4 8638 8694 9754 9770
4 9846 9882 9941 144
4 163 249 292 757
4 771 827 977 1130
4 1299 1683 1928 1935
4 2087 2173 2560 3017
4 3424 3521 3807 4628
4 4669 5345 5511 6259
4 6405 6770 7043 7664
4 7902 7907 8015 8268
4 8525 8584 8842 8934
4 9156 9209 9356 207
4 304 894 930 1120
4 1138 1469 1870 2022
4 2050 2057 2463 2480
4 2567 2835 2990 3115
4 3580 4163 4833 5122
4 6068 6307 6409 6497
4 6805 6958 6973 7096
4 7177 7608 7744 8732
4 9089 9140 9670 157
4 199 241 288 316
4 618 691 1209 1331
4 2011 3313 3610 3941
4 4149 4553 4646 4842
4 4882 5429 5804 6331
4 7014 7134 7223 7274
4 7553 7962 8273 8709
4 8776 8853 9785 9860
4 287 356 643 728
4 865 2179 2227 2564
4 3178 3186 3353 3541
4 3893 4337 4392 4948
4 5192 5514 5725 6301
4 6425 6541 6897 7163
4 7216 7544 7640 7642
4 7878 8068 8298 8409
4 8502 8886 9152 9179
4 9225 9491 108 616
4 819 862 1227 1277
4 1574 1652 1841 1958
4 1971 2288 2418 2805
4 3006 3753 4226 4355
4 4468 4714 4789 5060
4 5182 5206 5254 5329
4 5550 5578 5663 5718
4 6213 6387 6513 6904
4 7019 7229 7298 7546
4 7795 8534 8645 8870
4 9100 9367 9406 9647
4 9710 9863 186 425
4 733 784 867 1495
4 1809 2163 2239 2563
4 2841 3425 3438 3536
4 3798 4143 4508 4598
4 4634 5424 5534 5612
4 5658 5741 5825 5848
4 5952 6087 6629 6796
4 6814 7087 7948 8141
4 8310 8740 8941 9172
4 9232 9329 9553 9617
4 9870 9885 226 347
4 348 378 769 800
4 1376 1479 1563 1615
4 1661 1700 2201 2318
4 2344 2435 2577 2689
4 3208 3209 3712 3812
4 4693 4791 5510 5573
4 5611 5771 5958 6484
4 6620 7091 7349 7556
4 8564 9158 9423 9570
4 9582 9590 128 189
4 383 719 789 1099
4 1403 1685 2152 3917
4 4290 4403 4518 4726
4 4906 4986 6125 6253
4 6748 7333 7365 7434
4 7441 7799 8103 8309
4 8321 8771 9314 9346
4 9555 9862 9876 349
4 415 441 633 958
4 1131 1196 1235 1494
4 1788 1909 1949 2012
4 2451 2470 2586 3213
4 4211 4709 4939 5183
4 5294 5316 5409 6692
4 6701 6917 7060 7140
4 7459 7541 7580 7758
4 7835 7946 8064 8086
4 8347 8493 9205 9819
4 9954 203 291 361
4 703 831 863 1119
4 1180 1188 1230 1284
4 1679 1799 1868 1993
4 2356 2382 2550 2878
4 3327 3784 3859 3860
4 3949 4996 5148 5343
4 5379 6279 6456 6457
4 8080 8282 8379 8686
4 8960 9323 9737 4
4 280 388 405 509
4 693 782 935 1105
4 1323 1335 1611 1732
4 1818 2035 2384 2483
4 2498 3247 3821 4621
4 5410 5694 5779 6843
4 7479 7507 7669 7807
4 7965 8406 8412 8726
4 8875 9372 9999 200
4 227 258 268 922
4 1046 1074 1111 1133
4 1135 2324 2378 2579
4 2789 3394 3787 4254
4 4330 4344 4632 4633
4 4664 4675 4734 4950
4 5051 5699 5833 6085
4 6233 6407 7251 7307
4 7753 8410 8784 8955
4 8970 8985 9102 9663
4 9807 318 376 662
4 811 983 1029 1553
4 1987 2086 2311 2373
4 2386 2405 2541 2942
4 3292 3386 3389 3639
4 3922 4107 4461 4979
4 5356 5844 5977 6500
4 6635 6983 7667 7791
4 8461 8523 8791 9604
4 9636 9701 9724 9742
4 173 342 491 741
4 794 2030 2410 2508
4 2676 2715 3199 3385
4 3827 4371 4425 5005
4 5177 5327 6158 6371
4 6434 7092 7322 7399
4 8164 8374 8491 8602
4 8731 9148 9162 9186
4 9533 9557 9632 9644
4 9717 409 621 872
4 1534 1918 1992 2825
4 2883 3008 3756 3819
4 3866 4220 4273 4369
4 4810 5187 5266 5413
4 5885 6242 6254 6420
4 6647 7340 7627 7706
4 7820 7992 8136 8725
4 8872 9342 9773 69
4 148 195 821 917
4 984 1045 1063 1206
4 1329 1415 1439 1554
4 1705 1897 1969 2747
4 2934 3225 3267 3794
4 3799 3935 4323 4435
4 4651 4978 5073 5210
4 5399 5643 5957 6678
4 7069 7228 7636 7712
4 7832 8857 9282 9609
4 9977 312 435 437
4 483 508 605 652
4 901 1610 1731 2166
4 2172 2427 2503 2803
4 2873 2884 3058 3144
4 3227 3466 3474 3620
4 4032 4103 4214 4237
4 4260 4356 4535 4807
4 5045 5167 5265 5361
4 5470 5840 5853 5883
4 5979 6174 6234 6480
4 6499 7033 7093 7165
4 7243 7264 7276 7393
4 7408 7547 7736 7938
4 8613 8728 8758 8879
4 9159 9327 9362 9963
4 179 194 987 1305
4 1654 2330 2425 2500
4 2996 3636 4224 4372
4 4758 4822 4860 5340
4 5350 5508 5745 6077
4 6654 6675 6841 6901
4 7097 7172 7416 7588
4 7793 7915 8142 8395
4 8507 8535 8570 8770
4 8778 8780 9011 9070
4 9775 9787 9822 111
4 118 184 192 209
4 303 596 1142 2170
4 2206 2556 2769 3082
4 3476 3530 3879 3984
4 4577 4732 4890 4891
4 4972 6187 6853 7059
4 7427 7639 7789 8117
4 8144 8311 8786 8877
4 9380 9415 9749 478
4 482 729 1614 1728
4 1831 2520 3044 3189
4 3777 4175 4285 4376
4 5067 5107 5279 5557
4 6128 6141 7086 7098
4 7561 7578 7856 7883
4 7942 8038 8114 8224
4 8361 8405 8417 8961
4 8975 9218 9264 9421
4 9571 9931 121 230
4 274 908 1485 1517
4 1695 1972 2485 2512
4 2771 2808 2812 2974
4 3493 3716 3717 3727
4 4523 4724 4952 5696
4 5747 5906 5983 5993
4 6156 6308 6411 6614
4 6902 7075 7590 7741
4 8061 8135 8244 8272
4 9436 9556 156 781
4 1350 1496 1625 2039
4 2098 3685 4232 4470
4 4699 4899 5483 5504
4 6177 6559 6682 6720
4 6833 6937 7045 7077
4 7187 7483 7606 7847
4 8002 8009 8075 8462
4 8530 9031 9793 61
4 256 311 424 507
4 574 833 1177 1226
4 1283 1749 1937 2110
4 2271 2272 2532 2602
4 2827 3635 4063 4098
4 4333 4845 5213 5304
4 5533 5617 5727 5870
4 6265 6428 6429 6545
4 6607 7017 7730 7864
4 8011 8045 8110 8220
4 8500 8542 8561 8698
4 8797 8880 9126 9736
4 81 428 682 795
4 866 1006 1171 1326
4 1501 1513 1634 1696
4 1753 1804 1917 1984
4 2231 2298 2447 2657
4 3023 3053 3059 3108
4 3307 3690 4297 4427
4 4440 4588 4876 4913
4 4966 4980 5023 5158
4 5260 5262 5377 5382
4 5783 5938 6026 6971
4 7068 7248 7337 7404
4 7533 7550 8159 8494
4 8556 8635 8868 9301
4 9357 9457 9498 9686
4 406 538 803 903
4 959 1166 1622 1703
4 1789 2252 3268 3469
4 3993 4262 4305 5008
4 5480 5754 5907 6075
4 6293 6539 6551 6998
4 7022 7030 7138 7139
4 7292 7367 7682 7711
4 7830 7833 7929 8190
4 8441 8473 8850 8924
4 9007 9296 9521 9910
4 9932 182 1275 1307
4 1762 1932 2310 2357
4 2393 2583 2673 2900
4 3205 3266 3361 3534
4 3846 4591 4770 5472
4 5585 5632 5910 6021
4 6098 6237 6257 6412
4 6617 7067 7453 7514
4 7584 8555 8592 8968
4 9823 603 658 668
4 1149 1191 1824 2138
4 2645 3154 3286 3416
4 3705 3854 3963 4019
4 4048 4060 4283 4453
4 4793 4830 4843 4851
4 4893 4923 5010 5281
4 5693 5900 5926 6393
4 6519 6533 6799 6848
4 6859 7102 7129 7281
4 7523 7688 9042 9044
4 9548 9577 9698 25
4 224 275 341 452
4 698 921 1190 1612
4 1770 1878 2026 2385
4 2546 2664 2899 2928
4 2961 3169 3382 3591
4 3611 3803 3810 3994
4 4236 4571 4911 5100
4 5430 5640 6040 6222
4 6454 6643 6961 7000
4 7071 7574 7658 7985
4 8001 8085 8541 9189
4 9297 9311 9411 9861
4 9914 27 54 238
4 319 468 526 582
4 659 746 886 972
4 1302 1775 2153 2280
4 2656 2662 2709 3454
4 3523 3619 3696 3719
4 3990 4009 4691 5538
4 5809 5828 5838 6031
4 6119 6185 6195 6290
4 6334 6509 6592 6862
4 6923 7782 7852 7890
4 8000 8231 8334 8554
4 9059 9101 9146 9204
4 9229 9270 9554 9972
4 180 412 999 1134
4 1316 1667 1777 1873
4 2038 2525 2980 3156
4 3413 3754 4209 4525
4 4821 5386 5549 5635
4 6199 6283 6391 6491
4 6516 6772 6850 7011
4 7261 7488 7504 8034
4 8109 8118 9024 9720
4 9825 9933 379 422
4 573 1087 1237 1308
4 1725 1880 2010 2154
4 2758 3383 3645 3843
4 4034 4132 4174 4252
4 4520 4556 4581 4705
4 4987 5014 5227 5257
4 5697 5778 5859 5949
4 6163 6792 7222 8098
4 8318 8344 8508 8546
4 8757 9150 9336 9400
4 154 360 533 583
4 911 986 1290 1374
4 1401 1664 1915 1964
4 2431 2706 2733 2858
4 3201 3340 3546 3628
4 3643 3788 4062 4438
4 4976 5029 5049 5108
4 5153 5342 5406 5466
4 5527 5539 5619 5820
4 6631 7005 7042 7183
